Run semi-empirical minimization
 &qmmm
    qm_theory='AM1', grms_tol=0.0005,
 scfconv=1.d-10, ndiis_attempts=700,   qmcharge=0,
 /
   6    C1      -10.3180       -1.1070      -15.5770 
   7    N2      -11.1020        0.0190      -15.0940 
   6    C3      -11.0790        1.2690      -15.7690 
   6    C4      -11.0680        1.2500      -17.1730 
   6    C5      -10.9780        2.4660      -17.8810 
   6    C6      -10.9100        3.6870      -17.1760 
   7    N7      -10.8750        4.9040      -17.8950 
   6    C8      -10.1840        6.1430      -17.4240 
   6    C9       -9.7710        6.8800      -18.6980 
   6   C10       -8.7010        6.3810      -19.4410 
   6   C11       -8.3030        7.0250      -20.6040 
   6   C12       -9.0020        8.1520      -21.0590 
   6   C13      -10.0640        8.6550      -20.3030 
   6   C14      -10.4770        8.0010      -19.1160 
   6   C15       -8.5590        8.8140      -22.3590 
   6   C16       -8.7320        7.8230      -23.5310 
   6   C17       -9.3960       10.0560      -22.6790 
   6   C18       -7.0890        9.2540      -22.2770 
   6   C19      -10.9470        3.6960      -15.7870 
   6   C20      -10.9960        2.4910      -15.0580 
   6   C21      -11.0060        2.4930      -13.5710 
   6   C22      -11.4010        1.3650      -12.8590 
   6   C23      -11.2890        1.6150      -11.4960 
   7   N24      -10.8120        2.8260      -11.3520 
   7   N25      -10.6370        3.3960      -12.6200 
   6   C26      -10.1240        4.7490      -12.8000 
  16   S27      -11.9390       -0.0720      -13.6790 
   8   O28      -13.3140        0.1420      -14.0330 
   8   O29      -11.6000       -1.2660      -12.9940 
   1     H       -9.8550       -0.8470      -16.5060 
   1    H1      -10.9590       -1.9520      -15.7220 
   1    H2       -9.5640       -1.3510      -14.8580 
   1    H3      -11.1250        0.3540      -17.6820 
   1    H4      -10.9620        2.4630      -18.9130 
   1    H5      -11.3370        4.9380      -18.7640 
   1    H6      -10.8490        6.7450      -16.8410 
   1    H7       -9.3440        5.9200      -16.8010 
   1    H8       -8.2050        5.5330      -19.1260 
   1    H9       -7.4910        6.6740      -21.1350 
   1   H10      -10.5520        9.5100      -20.6120 
   1   H11      -11.2840        8.3490      -18.5750 
   1   H12       -8.4200        8.2900      -24.4420 
   1   H13       -9.7610        7.5390      -23.6090 
   1   H14       -8.1350        6.9530      -23.3540 
   1   H15       -9.0550       10.4900      -23.5960 
   1   H16       -9.2940       10.7690      -21.8870 
   1   H17      -10.4240        9.7770      -22.7770 
   1   H18       -6.8030        9.7150      -23.1990 
   1   H19       -6.4700        8.4000      -22.0980 
   1   H20       -6.9700        9.9540      -21.4770 
   1   H21      -10.9380        4.5960      -15.2830 
   1   H22      -11.5370        0.9640      -10.7350 
   1   H23      -10.0730        4.9750      -13.8450 
   1   H24       -9.1460        4.8190      -12.3720 
   1   H25      -10.7760        5.4450      -12.3160 

